bob bob hi
Bob
8
12
-1 -1 -1 | -1 -1 -1 | -1 -1 -1 | -1 -1 -1 | -1 -1 -1 | -1 -1 -1 | -1 -1 -1 | -1 -1 -1 | -1 -1 -1 | -1 -1 -1 | 
-1 -1 -1 | -1 -1 -1 | -1 -1 -1 | -1 -1 -1 | -1 -1 -1 | -1 -1 -1 | -1 -1 -1 | -1 -1 -1 | -1 -1 -1 | -1 -1 -1 | 
-1 -1 -1 | -1 -1 -1 | -1 -1 -1 | -1 -1 -1 | 4 12 -1 | -1 -1 -1 | -1 -1 -1 | -1 -1 -1 | -1 -1 -1 | -1 -1 -1 | 
-1 -1 -1 | -1 -1 -1 | -1 -1 -1 | 1 5 4 | 3 8 -1 | 2 9 -1 | -1 -1 -1 | -1 -1 -1 | -1 -1 -1 | -1 -1 -1 | 
-1 -1 -1 | -1 -1 -1 | -1 -1 -1 | 3 6 -1 | 0 12 -1 | 4 2 -1 | 0 9 -1 | -1 -1 -1 | -1 -1 -1 | -1 -1 -1 | 
-1 -1 -1 | -1 -1 -1 | 4 2 -1 | 2 4 -1 | 3 6 -1 | 5 7 -1 | 4 3 -1 | -1 -1 -1 | -1 -1 -1 | -1 -1 -1 | 
-1 -1 -1 | -1 -1 -1 | -1 -1 -1 | 1 11 -1 | 4 9 -1 | 1 4 -1 | 0 10 -1 | -1 -1 -1 | -1 -1 -1 | -1 -1 -1 | 
-1 -1 -1 | -1 -1 -1 | -1 -1 -1 | 3 3 -1 | 0 8 -1 | 2 9 -1 | -1 -1 -1 | -1 -1 -1 | -1 -1 -1 | -1 -1 -1 | 
-1 -1 -1 | -1 -1 -1 | -1 -1 -1 | -1 -1 -1 | -1 -1 -1 | -1 -1 -1 | -1 -1 -1 | -1 -1 -1 | -1 -1 -1 | -1 -1 -1 | 
-1 -1 -1 | -1 -1 -1 | -1 -1 -1 | -1 -1 -1 | -1 -1 -1 | -1 -1 -1 | -1 -1 -1 | -1 -1 -1 | -1 -1 -1 | -1 -1 -1 | 
-1 -1 -1 | -1 -1 -1 | -1 -1 -1 | -1 -1 -1 | -1 -1 -1 | -1 -1 -1 | -1 -1 -1 | -1 -1 -1 | -1 -1 -1 | -1 -1 -1 | 
-1 -1 -1 | -1 -1 -1 | -1 -1 -1 | -1 -1 -1 | -1 -1 -1 | -1 -1 -1 | -1 -1 -1 | -1 -1 -1 | -1 -1 -1 | -1 -1 -1 | 