howdy
Bob
2
6
-1 -1 -1 | -1 -1 -1 | -1 -1 -1 | -1 -1 -1 | -1 -1 -1 | -1 -1 -1 | -1 -1 -1 | -1 -1 -1 | -1 -1 -1 | -1 -1 -1 | 
-1 -1 -1 | -1 -1 -1 | -1 -1 -1 | -1 -1 -1 | -1 -1 -1 | -1 -1 -1 | -1 -1 -1 | -1 -1 -1 | -1 -1 -1 | -1 -1 -1 | 
-1 -1 -1 | -1 -1 -1 | -1 -1 -1 | -1 -1 -1 | -1 -1 -1 | -1 -1 -1 | -1 -1 -1 | -1 -1 -1 | -1 -1 -1 | -1 -1 -1 | 
-1 -1 -1 | -1 -1 -1 | -1 -1 -1 | -1 -1 -1 | 2 4 -1 | -1 -1 -1 | -1 -1 -1 | -1 -1 -1 | -1 -1 -1 | -1 -1 -1 | 
-1 -1 -1 | -1 -1 -1 | -1 -1 -1 | -1 -1 -1 | -1 -1 -1 | -1 -1 -1 | -1 -1 -1 | -1 -1 -1 | -1 -1 -1 | -1 -1 -1 | 
-1 -1 -1 | -1 -1 -1 | -1 -1 -1 | 1 11 -1 | -1 -1 -1 | 2 5 -1 | -1 -1 -1 | -1 -1 -1 | -1 -1 -1 | -1 -1 -1 | 
-1 -1 -1 | -1 -1 -1 | -1 -1 -1 | -1 -1 -1 | 1 6 -1 | 1 3 -1 | 5 7 -1 | -1 -1 -1 | -1 -1 -1 | -1 -1 -1 | 
-1 -1 -1 | -1 -1 -1 | -1 -1 -1 | -1 -1 -1 | 1 9 -1 | 1 10 -1 | -1 -1 -1 | -1 -1 -1 | -1 -1 -1 | -1 -1 -1 | 
-1 -1 -1 | -1 -1 -1 | -1 -1 -1 | -1 -1 -1 | -1 -1 -1 | -1 -1 -1 | -1 -1 -1 | -1 -1 -1 | -1 -1 -1 | -1 -1 -1 | 
-1 -1 -1 | -1 -1 -1 | -1 -1 -1 | -1 -1 -1 | -1 -1 -1 | -1 -1 -1 | -1 -1 -1 | -1 -1 -1 | -1 -1 -1 | -1 -1 -1 | 
-1 -1 -1 | -1 -1 -1 | -1 -1 -1 | -1 -1 -1 | -1 -1 -1 | -1 -1 -1 | -1 -1 -1 | -1 -1 -1 | -1 -1 -1 | -1 -1 -1 | 
-1 -1 -1 | -1 -1 -1 | -1 -1 -1 | -1 -1 -1 | -1 -1 -1 | -1 -1 -1 | -1 -1 -1 | -1 -1 -1 | -1 -1 -1 | -1 -1 -1 | 