sdfg
Bob
6
10
-1 -1 -1 | -1 -1 -1 | -1 -1 -1 | -1 -1 -1 | -1 -1 -1 | -1 -1 -1 | -1 -1 -1 | -1 -1 -1 | -1 -1 -1 | -1 -1 -1 | 
-1 -1 -1 | -1 -1 -1 | -1 -1 -1 | -1 -1 -1 | -1 -1 -1 | -1 -1 -1 | -1 -1 -1 | -1 -1 -1 | -1 -1 -1 | -1 -1 -1 | 
-1 -1 -1 | -1 -1 -1 | -1 -1 -1 | -1 -1 -1 | -1 -1 -1 | -1 -1 -1 | -1 -1 -1 | -1 -1 -1 | -1 -1 -1 | -1 -1 -1 | 
-1 -1 -1 | -1 -1 -1 | -1 -1 -1 | 2 2 -1 | 2 12 -1 | 2 3 -1 | 2 3 -1 | -1 -1 -1 | -1 -1 -1 | -1 -1 -1 | 
-1 -1 -1 | -1 -1 -1 | -1 -1 -1 | 2 9 -1 | 2 11 -1 | -1 -1 -1 | 2 6 -1 | -1 -1 -1 | -1 -1 -1 | -1 -1 -1 | 
-1 -1 -1 | -1 -1 -1 | 2 4 -1 | 2 5 -1 | 2 10 -1 | 2 8 -1 | 5 7 -1 | -1 -1 -1 | -1 -1 -1 | -1 -1 -1 | 
-1 -1 -1 | -1 -1 -1 | 2 8 -1 | 2 6 -1 | 2 2 -1 | 2 11 -1 | 2 9 -1 | -1 -1 -1 | -1 -1 -1 | -1 -1 -1 | 
-1 -1 -1 | -1 -1 -1 | -1 -1 -1 | -1 -1 -1 | -1 -1 -1 | -1 -1 -1 | -1 -1 -1 | -1 -1 -1 | -1 -1 -1 | -1 -1 -1 | 
-1 -1 -1 | -1 -1 -1 | -1 -1 -1 | -1 -1 -1 | -1 -1 -1 | -1 -1 -1 | -1 -1 -1 | -1 -1 -1 | -1 -1 -1 | -1 -1 -1 | 
-1 -1 -1 | -1 -1 -1 | -1 -1 -1 | -1 -1 -1 | -1 -1 -1 | -1 -1 -1 | -1 -1 -1 | -1 -1 -1 | -1 -1 -1 | -1 -1 -1 | 
-1 -1 -1 | -1 -1 -1 | -1 -1 -1 | -1 -1 -1 | -1 -1 -1 | -1 -1 -1 | -1 -1 -1 | -1 -1 -1 | -1 -1 -1 | -1 -1 -1 | 
-1 -1 -1 | -1 -1 -1 | -1 -1 -1 | -1 -1 -1 | -1 -1 -1 | -1 -1 -1 | -1 -1 -1 | -1 -1 -1 | -1 -1 -1 | -1 -1 -1 | 